5
8
20
13
13
13
8
8
5
8
8
13
13
20
8
8
20
40
20
13
5
8
5
3
3
5
1
1
40
8
8
20
8
8
5
5
5
8
13
13
3
5
3
3
1
13
3
1
8
5
5
5
8
13
5
8
13
8
5
3
1
3
5
13
1
8
13
8
8
8
8
5
0
1
1
0
0
8
13
20
5
13
20
8
8
0
13
8
8
13
8
5
13
8
5
5
8
5
5
8
8
13
13
8
8
8
5
2
5
5
5
8
8
5
5
8
8
8
13
8
1
8
13
8
13
8
5
8
40
5
13
5
13
5
8
40
3
3
0
13
13
5
13
5
8
13
5
8
13
20
5
8
8
5
13
3
20
5
5
13
20
13
13
13
13
13
8
13
13
8
8
20
13
5
13
8
13
8
8
5
2
13
8
8
5
8
5
20
8
13
8
13
3
8
8
8
13
2
8
13
8
8
13
5
8
8
13
8
13
1
5
0
8
3
5
8
3
1
8
8
13
20
8
8
13
5
3
5
5
13
8
8
1
8
8
5
8
89
8
5
8
8
20
13
5
5
13
8
8
1
1
13
8
8
8
20
5
0
3
8
8
8
13
8
8
13
5
5
1
1
5
5
3
8
5
1
13
5
13
5
8
13
13
13
5
20
13
13
5
13
13
13
8
13
8
5
5
5
5
40
3
8
5
5
13
13
8
8
8
2
8
5
8
13
8
8
5
13
8
13
5
8
5
5
5
8
5
3
8
1
1
5
3
5
5
5
5
8
8
3
13
5
0
8
5
3
5
5
13
5
5
5
8
5
8
13
13
8
8
5
8
5
5
2
8
8
5
8
5
5
3
8
20
3
5
8
13
0
13
8
8
8
3
0
3
5
8
5
13
8
8
8
0
5
13
8
5
1
3
5
13
8
3
8
8
8
8
13
0
5
8
5
5
8
8
5
5
5
1
1
1
1
3
5
3
8
8
5
8
3
5
1
1
5
0
1
3
1
1
13
40
5
2
8
13
8
13
5
5
8
2
8
1
1
1
1
1
1
1
1
1
1
1
8
13
1
1
3
8
1
1
1
3
1
8
2
1
5
3
5
8
5
1
1
1
1
1
1
5
5
5
5
